time	time	departures_all	arrivals_all	stuck_all	en-route_all	departures_car	arrivals_car	stuck_car	en-route_car
00:00:00	0	0	0	0	0	0	0	0	0
00:05:00	300	0	0	0	0	0	0	0	0
00:10:00	600	0	0	0	0	0	0	0	0
00:15:00	900	0	0	0	0	0	0	0	0
00:20:00	1200	0	0	0	0	0	0	0	0
00:25:00	1500	0	0	0	0	0	0	0	0
00:30:00	1800	0	0	0	0	0	0	0	0
00:35:00	2100	0	0	0	0	0	0	0	0
00:40:00	2400	0	0	0	0	0	0	0	0
00:45:00	2700	0	0	0	0	0	0	0	0
00:50:00	3000	0	0	0	0	0	0	0	0
00:55:00	3300	0	0	0	0	0	0	0	0
01:00:00	3600	0	0	0	0	0	0	0	0
01:05:00	3900	0	0	0	0	0	0	0	0
01:10:00	4200	0	0	0	0	0	0	0	0
01:15:00	4500	0	0	0	0	0	0	0	0
01:20:00	4800	0	0	0	0	0	0	0	0
01:25:00	5100	0	0	0	0	0	0	0	0
01:30:00	5400	0	0	0	0	0	0	0	0
01:35:00	5700	0	0	0	0	0	0	0	0
01:40:00	6000	0	0	0	0	0	0	0	0
01:45:00	6300	0	0	0	0	0	0	0	0
01:50:00	6600	0	0	0	0	0	0	0	0
01:55:00	6900	0	0	0	0	0	0	0	0
02:00:00	7200	0	0	0	0	0	0	0	0
02:05:00	7500	0	0	0	0	0	0	0	0
02:10:00	7800	0	0	0	0	0	0	0	0
02:15:00	8100	0	0	0	0	0	0	0	0
02:20:00	8400	0	0	0	0	0	0	0	0
02:25:00	8700	0	0	0	0	0	0	0	0
02:30:00	9000	0	0	0	0	0	0	0	0
02:35:00	9300	0	0	0	0	0	0	0	0
02:40:00	9600	0	0	0	0	0	0	0	0
02:45:00	9900	0	0	0	0	0	0	0	0
02:50:00	10200	0	0	0	0	0	0	0	0
02:55:00	10500	0	0	0	0	0	0	0	0
03:00:00	10800	0	0	0	0	0	0	0	0
03:05:00	11100	0	0	0	0	0	0	0	0
03:10:00	11400	0	0	0	0	0	0	0	0
03:15:00	11700	0	0	0	0	0	0	0	0
03:20:00	12000	0	0	0	0	0	0	0	0
03:25:00	12300	0	0	0	0	0	0	0	0
03:30:00	12600	0	0	0	0	0	0	0	0
03:35:00	12900	0	0	0	0	0	0	0	0
03:40:00	13200	0	0	0	0	0	0	0	0
03:45:00	13500	0	0	0	0	0	0	0	0
03:50:00	13800	0	0	0	0	0	0	0	0
03:55:00	14100	0	0	0	0	0	0	0	0
04:00:00	14400	0	0	0	0	0	0	0	0
04:05:00	14700	0	0	0	0	0	0	0	0
04:10:00	15000	0	0	0	0	0	0	0	0
04:15:00	15300	0	0	0	0	0	0	0	0
04:20:00	15600	0	0	0	0	0	0	0	0
04:25:00	15900	0	0	0	0	0	0	0	0
04:30:00	16200	0	0	0	0	0	0	0	0
04:35:00	16500	0	0	0	0	0	0	0	0
04:40:00	16800	0	0	0	0	0	0	0	0
04:45:00	17100	0	0	0	0	0	0	0	0
04:50:00	17400	0	0	0	0	0	0	0	0
04:55:00	17700	0	0	0	0	0	0	0	0
05:00:00	18000	0	0	0	0	0	0	0	0
05:05:00	18300	0	0	0	0	0	0	0	0
05:10:00	18600	0	0	0	0	0	0	0	0
05:15:00	18900	0	0	0	0	0	0	0	0
05:20:00	19200	0	0	0	0	0	0	0	0
05:25:00	19500	0	0	0	0	0	0	0	0
05:30:00	19800	0	0	0	0	0	0	0	0
05:35:00	20100	0	0	0	0	0	0	0	0
05:40:00	20400	0	0	0	0	0	0	0	0
05:45:00	20700	0	0	0	0	0	0	0	0
05:50:00	21000	0	0	0	0	0	0	0	0
05:55:00	21300	0	0	0	0	0	0	0	0
06:00:00	21600	65	21	0	44	65	21	0	44
06:05:00	21900	76	29	0	91	76	29	0	91
06:10:00	22200	72	38	0	125	72	38	0	125
06:15:00	22500	78	35	0	168	78	35	0	168
06:20:00	22800	72	41	0	199	72	41	0	199
06:25:00	23100	63	30	0	232	63	30	0	232
06:30:00	23400	67	31	0	268	67	31	0	268
06:35:00	23700	75	37	0	306	75	37	0	306
06:40:00	24000	78	46	0	338	78	46	0	338
06:45:00	24300	61	38	0	361	61	38	0	361
06:50:00	24600	85	52	0	394	85	52	0	394
06:55:00	24900	67	38	0	423	67	38	0	423
07:00:00	25200	71	35	0	459	71	35	0	459
07:05:00	25500	81	56	0	484	81	56	0	484
07:10:00	25800	81	62	0	503	81	62	0	503
07:15:00	26100	69	57	0	515	69	57	0	515
07:20:00	26400	76	58	0	533	76	58	0	533
07:25:00	26700	91	58	0	566	91	58	0	566
07:30:00	27000	80	55	0	591	80	55	0	591
07:35:00	27300	88	70	0	609	88	70	0	609
07:40:00	27600	87	74	0	622	87	74	0	622
07:45:00	27900	90	64	1	647	90	64	1	647
07:50:00	28200	93	74	0	666	93	74	0	666
07:55:00	28500	93	66	0	693	93	66	0	693
08:00:00	28800	95	64	2	722	95	64	2	722
08:05:00	29100	79	81	0	720	79	81	0	720
08:10:00	29400	84	83	1	720	84	83	1	720
08:15:00	29700	88	70	0	738	88	70	0	738
08:20:00	30000	90	73	0	755	90	73	0	755
08:25:00	30300	95	81	0	769	95	81	0	769
08:30:00	30600	72	73	0	768	72	73	0	768
08:35:00	30900	83	75	0	776	83	75	0	776
08:40:00	31200	95	87	0	784	95	87	0	784
08:45:00	31500	101	82	0	803	101	82	0	803
08:50:00	31800	114	96	0	821	114	96	0	821
08:55:00	32100	92	76	1	836	92	76	1	836
09:00:00	32400	98	78	1	855	98	78	1	855
09:05:00	32700	113	96	0	872	113	96	0	872
09:10:00	33000	85	93	0	864	85	93	0	864
09:15:00	33300	109	95	0	878	109	95	0	878
09:20:00	33600	90	97	0	871	90	97	0	871
09:25:00	33900	106	101	0	876	106	101	0	876
09:30:00	34200	93	102	0	867	93	102	0	867
09:35:00	34500	89	89	0	867	89	89	0	867
09:40:00	34800	90	91	0	866	90	91	0	866
09:45:00	35100	107	97	0	876	107	97	0	876
09:50:00	35400	123	115	0	884	123	115	0	884
09:55:00	35700	99	106	0	877	99	106	0	877
10:00:00	36000	131	107	0	901	131	107	0	901
10:05:00	36300	96	110	0	887	96	110	0	887
10:10:00	36600	118	106	0	899	118	106	0	899
10:15:00	36900	112	101	0	910	112	101	0	910
10:20:00	37200	106	111	0	905	106	111	0	905
10:25:00	37500	106	103	0	908	106	103	0	908
10:30:00	37800	106	103	1	910	106	103	1	910
10:35:00	38100	106	115	0	901	106	115	0	901
10:40:00	38400	111	114	1	897	111	114	1	897
10:45:00	38700	127	117	0	907	127	117	0	907
10:50:00	39000	124	94	0	937	124	94	0	937
10:55:00	39300	111	120	0	928	111	120	0	928
11:00:00	39600	131	110	0	949	131	110	0	949
11:05:00	39900	94	89	0	954	94	89	0	954
11:10:00	40200	125	122	0	957	125	122	0	957
11:15:00	40500	123	119	0	961	123	119	0	961
11:20:00	40800	114	98	0	977	114	98	0	977
11:25:00	41100	115	107	1	984	115	107	1	984
11:30:00	41400	88	110	0	962	88	110	0	962
11:35:00	41700	126	128	0	960	126	128	0	960
11:40:00	42000	111	111	0	960	111	111	0	960
11:45:00	42300	124	106	0	978	124	106	0	978
11:50:00	42600	124	96	0	1006	124	96	0	1006
11:55:00	42900	114	127	1	992	114	127	1	992
12:00:00	43200	45	97	0	940	45	97	0	940
12:05:00	43500	46	100	0	886	46	100	0	886
12:10:00	43800	42	87	0	841	42	87	0	841
12:15:00	44100	48	70	1	818	48	70	1	818
12:20:00	44400	48	84	1	781	48	84	1	781
12:25:00	44700	38	97	1	721	38	97	1	721
12:30:00	45000	44	75	0	690	44	75	0	690
12:35:00	45300	53	74	0	669	53	74	0	669
12:40:00	45600	35	75	0	629	35	75	0	629
12:45:00	45900	46	69	0	606	46	69	0	606
12:50:00	46200	51	65	0	592	51	65	0	592
12:55:00	46500	39	70	0	561	39	70	0	561
13:00:00	46800	40	66	0	535	40	66	0	535
13:05:00	47100	42	63	1	513	42	63	1	513
13:10:00	47400	42	62	0	493	42	62	0	493
13:15:00	47700	37	56	0	474	37	56	0	474
13:20:00	48000	39	71	0	442	39	71	0	442
13:25:00	48300	30	49	1	422	30	49	1	422
13:30:00	48600	28	49	0	401	28	49	0	401
13:35:00	48900	25	57	0	369	25	57	0	369
13:40:00	49200	35	53	0	351	35	53	0	351
13:45:00	49500	33	47	0	337	33	47	0	337
13:50:00	49800	31	45	0	323	31	45	0	323
13:55:00	50100	29	49	0	303	29	49	0	303
14:00:00	50400	32	35	1	299	32	35	1	299
14:05:00	50700	24	48	0	275	24	48	0	275
14:10:00	51000	30	38	0	267	30	38	0	267
14:15:00	51300	21	39	0	249	21	39	0	249
14:20:00	51600	30	35	0	244	30	35	0	244
14:25:00	51900	25	37	0	232	25	37	0	232
14:30:00	52200	23	37	0	218	23	37	0	218
14:35:00	52500	28	26	0	220	28	26	0	220
14:40:00	52800	21	31	1	209	21	31	1	209
14:45:00	53100	25	38	0	196	25	38	0	196
14:50:00	53400	19	34	0	181	19	34	0	181
14:55:00	53700	19	35	1	164	19	35	1	164
15:00:00	54000	19	14	1	168	19	14	1	168
15:05:00	54300	15	26	0	157	15	26	0	157
15:10:00	54600	13	28	0	142	13	28	0	142
15:15:00	54900	15	20	1	136	15	20	1	136
15:20:00	55200	20	30	0	126	20	30	0	126
15:25:00	55500	19	26	0	119	19	26	0	119
15:30:00	55800	16	21	0	114	16	21	0	114
15:35:00	56100	12	19	0	107	12	19	0	107
15:40:00	56400	8	20	1	94	8	20	1	94
15:45:00	56700	18	12	0	100	18	12	0	100
15:50:00	57000	15	21	0	94	15	21	0	94
15:55:00	57300	6	8	0	92	6	8	0	92
16:00:00	57600	18	11	0	99	18	11	0	99
16:05:00	57900	19	14	1	103	19	14	1	103
16:10:00	58200	11	18	1	95	11	18	1	95
16:15:00	58500	12	10	1	96	12	10	1	96
16:20:00	58800	13	17	0	92	13	17	0	92
16:25:00	59100	9	20	0	81	9	20	0	81
16:30:00	59400	11	8	0	84	11	8	0	84
16:35:00	59700	5	7	0	82	5	7	0	82
16:40:00	60000	5	5	0	82	5	5	0	82
16:45:00	60300	9	14	0	77	9	14	0	77
16:50:00	60600	12	12	0	77	12	12	0	77
16:55:00	60900	7	12	0	72	7	12	0	72
17:00:00	61200	9	13	0	68	9	13	0	68
17:05:00	61500	15	10	0	73	15	10	0	73
17:10:00	61800	5	13	0	65	5	13	0	65
17:15:00	62100	4	9	0	60	4	9	0	60
17:20:00	62400	3	6	0	57	3	6	0	57
17:25:00	62700	5	7	0	55	5	7	0	55
17:30:00	63000	5	8	0	52	5	8	0	52
17:35:00	63300	7	7	0	52	7	7	0	52
17:40:00	63600	8	8	0	52	8	8	0	52
17:45:00	63900	9	2	0	59	9	2	0	59
17:50:00	64200	4	12	0	51	4	12	0	51
17:55:00	64500	4	6	1	48	4	6	1	48
18:00:00	64800	4	7	0	45	4	7	0	45
18:05:00	65100	5	6	0	44	5	6	0	44
18:10:00	65400	5	4	0	45	5	4	0	45
18:15:00	65700	2	2	0	45	2	2	0	45
18:20:00	66000	4	7	1	41	4	7	1	41
18:25:00	66300	1	5	0	37	1	5	0	37
18:30:00	66600	6	9	1	33	6	9	1	33
18:35:00	66900	2	8	0	27	2	8	0	27
18:40:00	67200	5	7	1	24	5	7	1	24
18:45:00	67500	5	3	0	26	5	3	0	26
18:50:00	67800	1	6	0	21	1	6	0	21
18:55:00	68100	1	5	1	16	1	5	1	16
19:00:00	68400	3	2	0	17	3	2	0	17
19:05:00	68700	4	4	0	17	4	4	0	17
19:10:00	69000	1	1	0	17	1	1	0	17
19:15:00	69300	4	5	0	16	4	5	0	16
19:20:00	69600	4	2	0	18	4	2	0	18
19:25:00	69900	2	4	0	16	2	4	0	16
19:30:00	70200	3	3	0	16	3	3	0	16
19:35:00	70500	5	3	0	18	5	3	0	18
19:40:00	70800	1	3	0	16	1	3	0	16
19:45:00	71100	1	2	0	15	1	2	0	15
19:50:00	71400	0	3	0	12	0	3	0	12
19:55:00	71700	2	2	0	12	2	2	0	12
20:00:00	72000	2	1	0	13	2	1	0	13
20:05:00	72300	3	1	0	15	3	1	0	15
20:10:00	72600	1	1	0	15	1	1	0	15
20:15:00	72900	0	2	0	13	0	2	0	13
20:20:00	73200	2	3	0	12	2	3	0	12
20:25:00	73500	1	0	0	13	1	0	0	13
20:30:00	73800	1	2	0	12	1	2	0	12
20:35:00	74100	1	3	1	9	1	3	1	9
20:40:00	74400	0	0	0	9	0	0	0	9
20:45:00	74700	1	2	0	8	1	2	0	8
20:50:00	75000	0	0	0	8	0	0	0	8
20:55:00	75300	1	0	0	9	1	0	0	9
21:00:00	75600	1	2	0	8	1	2	0	8
21:05:00	75900	0	0	0	8	0	0	0	8
21:10:00	76200	0	1	0	7	0	1	0	7
21:15:00	76500	1	1	0	7	1	1	0	7
21:20:00	76800	0	2	0	5	0	2	0	5
21:25:00	77100	1	0	0	6	1	0	0	6
21:30:00	77400	0	0	0	6	0	0	0	6
21:35:00	77700	0	0	0	6	0	0	0	6
21:40:00	78000	0	0	0	6	0	0	0	6
21:45:00	78300	0	0	0	6	0	0	0	6
21:50:00	78600	0	0	0	6	0	0	0	6
21:55:00	78900	0	0	0	6	0	0	0	6
22:00:00	79200	1	0	0	7	1	0	0	7
22:05:00	79500	0	1	0	6	0	1	0	6
22:10:00	79800	0	1	0	5	0	1	0	5
22:15:00	80100	0	1	0	4	0	1	0	4
22:20:00	80400	0	0	0	4	0	0	0	4
22:25:00	80700	0	0	0	4	0	0	0	4
22:30:00	81000	0	1	0	3	0	1	0	3
22:35:00	81300	0	0	0	3	0	0	0	3
22:40:00	81600	0	0	0	3	0	0	0	3
22:45:00	81900	0	0	0	3	0	0	0	3
22:50:00	82200	0	0	0	3	0	0	0	3
22:55:00	82500	0	0	0	3	0	0	0	3
23:00:00	82800	0	0	0	3	0	0	0	3
23:05:00	83100	0	0	0	3	0	0	0	3
23:10:00	83400	0	0	0	3	0	0	0	3
23:15:00	83700	0	0	0	3	0	0	0	3
23:20:00	84000	0	0	0	3	0	0	0	3
23:25:00	84300	0	1	0	2	0	1	0	2
23:30:00	84600	0	0	0	2	0	0	0	2
23:35:00	84900	0	0	0	2	0	0	0	2
23:40:00	85200	0	0	0	2	0	0	0	2
23:45:00	85500	0	1	0	1	0	1	0	1
23:50:00	85800	0	1	0	0	0	1	0	0
23:55:00	86100	0	0	0	0	0	0	0	0
24:00:00	86400	0	0	0	0	0	0	0	0
24:05:00	86700	0	0	0	0	0	0	0	0
24:10:00	87000	0	0	0	0	0	0	0	0
24:15:00	87300	0	0	0	0	0	0	0	0
24:20:00	87600	0	0	0	0	0	0	0	0
24:25:00	87900	0	0	0	0	0	0	0	0
24:30:00	88200	0	0	0	0	0	0	0	0
24:35:00	88500	0	0	0	0	0	0	0	0
24:40:00	88800	0	0	0	0	0	0	0	0
24:45:00	89100	0	0	0	0	0	0	0	0
24:50:00	89400	0	0	0	0	0	0	0	0
24:55:00	89700	0	0	0	0	0	0	0	0
25:00:00	90000	0	0	0	0	0	0	0	0
25:05:00	90300	0	0	0	0	0	0	0	0
25:10:00	90600	0	0	0	0	0	0	0	0
25:15:00	90900	0	0	0	0	0	0	0	0
25:20:00	91200	0	0	0	0	0	0	0	0
25:25:00	91500	0	0	0	0	0	0	0	0
25:30:00	91800	0	0	0	0	0	0	0	0
25:35:00	92100	0	0	0	0	0	0	0	0
25:40:00	92400	0	0	0	0	0	0	0	0
25:45:00	92700	0	0	0	0	0	0	0	0
25:50:00	93000	0	0	0	0	0	0	0	0
25:55:00	93300	0	0	0	0	0	0	0	0
26:00:00	93600	0	0	0	0	0	0	0	0
26:05:00	93900	0	0	0	0	0	0	0	0
26:10:00	94200	0	0	0	0	0	0	0	0
26:15:00	94500	0	0	0	0	0	0	0	0
26:20:00	94800	0	0	0	0	0	0	0	0
26:25:00	95100	0	0	0	0	0	0	0	0
26:30:00	95400	0	0	0	0	0	0	0	0
26:35:00	95700	0	0	0	0	0	0	0	0
26:40:00	96000	0	0	0	0	0	0	0	0
26:45:00	96300	0	0	0	0	0	0	0	0
26:50:00	96600	0	0	0	0	0	0	0	0
26:55:00	96900	0	0	0	0	0	0	0	0
27:00:00	97200	0	0	0	0	0	0	0	0
27:05:00	97500	0	0	0	0	0	0	0	0
27:10:00	97800	0	0	0	0	0	0	0	0
27:15:00	98100	0	0	0	0	0	0	0	0
27:20:00	98400	0	0	0	0	0	0	0	0
27:25:00	98700	0	0	0	0	0	0	0	0
27:30:00	99000	0	0	0	0	0	0	0	0
27:35:00	99300	0	0	0	0	0	0	0	0
27:40:00	99600	0	0	0	0	0	0	0	0
27:45:00	99900	0	0	0	0	0	0	0	0
27:50:00	100200	0	0	0	0	0	0	0	0
27:55:00	100500	0	0	0	0	0	0	0	0
28:00:00	100800	0	0	0	0	0	0	0	0
28:05:00	101100	0	0	0	0	0	0	0	0
28:10:00	101400	0	0	0	0	0	0	0	0
28:15:00	101700	0	0	0	0	0	0	0	0
28:20:00	102000	0	0	0	0	0	0	0	0
28:25:00	102300	0	0	0	0	0	0	0	0
28:30:00	102600	0	0	0	0	0	0	0	0
28:35:00	102900	0	0	0	0	0	0	0	0
28:40:00	103200	0	0	0	0	0	0	0	0
28:45:00	103500	0	0	0	0	0	0	0	0
28:50:00	103800	0	0	0	0	0	0	0	0
28:55:00	104100	0	0	0	0	0	0	0	0
29:00:00	104400	0	0	0	0	0	0	0	0
29:05:00	104700	0	0	0	0	0	0	0	0
29:10:00	105000	0	0	0	0	0	0	0	0
29:15:00	105300	0	0	0	0	0	0	0	0
29:20:00	105600	0	0	0	0	0	0	0	0
29:25:00	105900	0	0	0	0	0	0	0	0
29:30:00	106200	0	0	0	0	0	0	0	0
29:35:00	106500	0	0	0	0	0	0	0	0
29:40:00	106800	0	0	0	0	0	0	0	0
29:45:00	107100	0	0	0	0	0	0	0	0
29:50:00	107400	0	0	0	0	0	0	0	0
29:55:00	107700	0	0	0	0	0	0	0	0
30:00:00	108000	0	0	0	0	0	0	0	0
30:05:00	108300	0	0	0	0	0	0	0	0
